Folding now down to 25
Folding now down to 25
Folding now down to 25


opp_bids = [134, 102, 130, 148, 99, 139, 124, 135, 155, 164, 167, 128, 69]
my_bids = [139, 100, 116, 128, 138, 137, 157, 156, 147, 135, 182, 125, 162]
opp_bid_avg = 135.41666666666666
opp_bid_cv = 0.151173085485307
final_time = 28.294
post_auction_pcts: [0.29055555555555557, 0.27, 0.27, 0.27, 0.27, 0.27, 0.27, 0.27, 0.27, 0.27, 0.27, 0.27, 0.27, 0.27, 0.27, 0.27, 0.27, 0.27, 0.27, 0.27, 0.27, 0.27, 0.27, 0.27, 0.27, 0.27, 0.27, 0.27, 0.27, 0.27, 0.27, 0.27, 0.27, 0.27, 0.27, 0.27, 0.27, 0.27, 0.27, 0.27, 0.27, 0.27, 0.27, 0.27, 0.27, 0.27, 0.27, 0.27, 0.27, 0.27, 0.27, 0.27, 0.27, 0.27, 0.27, 0.27, 0.27, 0.27, 0.27, 0.27, 0.27, 0.27, 0.27, 0.27, 0.27, 0.27, 0.5504545454545454, 0.3922727272727273, 0.26166666666666666, 0.4738888888888889, 0.4738888888888889, 0.4738888888888889, 0.4738888888888889, 0.4738888888888889, 0.4738888888888889, 0.4738888888888889, 0.4738888888888889, 0.4738888888888889, 0.4738888888888889, 0.4738888888888889, 0.4738888888888889, 0.4738888888888889, 0.4738888888888889, 0.4738888888888889, 0.4738888888888889, 0.4738888888888889, 0.4738888888888889, 0.4738888888888889, 0.4738888888888889, 0.4738888888888889, 0.4738888888888889, 0.4738888888888889, 0.4738888888888889, 0.4738888888888889, 0.4738888888888889, 0.4738888888888889, 0.4738888888888889, 0.4738888888888889, 0.4738888888888889, 0.4738888888888889, 0.4738888888888889, 0.4738888888888889, 0.4738888888888889, 0.4738888888888889, 0.4738888888888889, 0.4738888888888889, 0.4738888888888889, 0.4738888888888889, 0.4738888888888889, 0.4738888888888889, 0.4738888888888889, 0.4738888888888889, 0.4738888888888889, 0.4738888888888889, 0.4738888888888889, 0.4738888888888889, 0.4738888888888889, 0.4738888888888889, 0.4738888888888889, 0.4738888888888889, 0.4738888888888889, 0.4738888888888889, 0.4738888888888889, 0.4738888888888889, 0.4738888888888889, 0.4738888888888889, 0.4738888888888889, 0.4738888888888889, 0.4738888888888889, 0.4738888888888889, 0.4738888888888889, 0.4738888888888889, 0.4738888888888889, 0.4738888888888889, 0.4738888888888889, 0.4738888888888889, 0.4738888888888889, 0.4738888888888889, 0.4738888888888889, 0.4738888888888889, 0.4738888888888889, 0.4738888888888889, 0.4738888888888889, 0.4738888888888889, 0.4738888888888889, 0.4738888888888889, 0.4738888888888889, 0.4738888888888889, 0.4738888888888889, 0.4738888888888889, 0.4738888888888889, 0.4738888888888889, 0.4738888888888889, 0.4738888888888889, 0.4738888888888889, 0.4738888888888889, 0.4738888888888889, 0.4738888888888889, 0.4738888888888889, 0.4738888888888889, 0.4738888888888889, 0.4738888888888889, 0.4738888888888889, 0.4738888888888889, 0.4738888888888889, 0.4738888888888889, 0.4738888888888889, 0.4738888888888889, 0.4738888888888889, 0.4738888888888889, 0.4738888888888889, 0.4738888888888889, 0.4738888888888889, 0.4738888888888889, 0.4738888888888889, 0.4738888888888889, 0.4738888888888889, 0.4738888888888889, 0.4738888888888889, 0.4738888888888889, 0.4738888888888889, 0.4738888888888889, 0.4738888888888889, 0.4738888888888889, 0.4738888888888889, 0.4738888888888889, 0.4738888888888889, 0.4738888888888889, 0.4738888888888889, 0.4738888888888889, 0.4738888888888889, 0.4738888888888889, 0.4738888888888889, 0.4738888888888889, 0.4738888888888889, 0.4738888888888889, 0.4738888888888889, 0.4738888888888889, 0.4738888888888889, 0.4738888888888889, 0.4738888888888889, 0.4738888888888889, 0.4738888888888889, 0.5322222222222223, 0.5322222222222223, 0.5322222222222223, 0.5322222222222223, 0.5322222222222223, 0.5322222222222223, 0.5322222222222223, 0.5322222222222223, 0.5322222222222223, 0.5322222222222223, 0.5322222222222223, 0.5322222222222223, 0.5322222222222223, 0.5322222222222223, 0.5322222222222223, 0.5322222222222223, 0.5322222222222223, 0.5322222222222223, 0.5322222222222223, 0.5322222222222223, 0.5322222222222223, 0.5322222222222223, 0.5322222222222223, 0.5322222222222223, 0.5322222222222223, 0.5322222222222223, 0.5322222222222223, 0.5322222222222223, 0.5322222222222223, 0.5322222222222223, 0.5322222222222223, 0.5322222222222223, 0.5322222222222223, 0.5322222222222223, 0.5322222222222223, 0.5322222222222223, 0.5322222222222223, 0.5322222222222223, 0.5322222222222223, 0.5322222222222223, 0.5322222222222223, 0.5322222222222223, 0.8109090909090909, 0.45136363636363636, 0.5040909090909091, 0.6113636363636363, 0.5809090909090909, 0.5222727272727272, 0.5936363636363636, 0.605, 0.4495454545454545, 0.4954545454545455, 0.4940909090909091, 0.29454545454545455, 0.525, 0.5627272727272727, 0.5063636363636363, 0.42363636363636364, 0.45590909090909093]
post_turn_pcts: [0.27045454545454545, 0.305, 0.305, 0.305, 0.305, 0.305, 0.305, 0.305, 0.305, 0.305, 0.305, 0.305, 0.305, 0.305, 0.305, 0.305, 0.305, 0.305, 0.305, 0.305, 0.305, 0.305, 0.305, 0.305, 0.305, 0.305, 0.305, 0.305, 0.305, 0.305, 0.305, 0.305, 0.305, 0.305, 0.305, 0.305, 0.305, 0.305, 0.305, 0.305, 0.305, 0.305, 0.305, 0.305, 0.305, 0.305, 0.305, 0.305, 0.305, 0.305, 0.305, 0.305, 0.305, 0.305, 0.305, 0.305, 0.305, 0.305, 0.305, 0.305, 0.305, 0.305, 0.305, 0.305, 0.305, 0.305, 0.536, 0.596, 0.20863636363636365, 0.9390909090909091, 0.9390909090909091, 0.9390909090909091, 0.9390909090909091, 0.9390909090909091, 0.9390909090909091, 0.9390909090909091, 0.9390909090909091, 0.9390909090909091, 0.9390909090909091, 0.9390909090909091, 0.9390909090909091, 0.9390909090909091, 0.9390909090909091, 0.9390909090909091, 0.9390909090909091, 0.9390909090909091, 0.9390909090909091, 0.9390909090909091, 0.9390909090909091, 0.9390909090909091, 0.9390909090909091, 0.9390909090909091, 0.9390909090909091, 0.9390909090909091, 0.9390909090909091, 0.9390909090909091, 0.9390909090909091, 0.9390909090909091, 0.9390909090909091, 0.9390909090909091, 0.9390909090909091, 0.9390909090909091, 0.9390909090909091, 0.9390909090909091, 0.9390909090909091, 0.9390909090909091, 0.9390909090909091, 0.9390909090909091, 0.9390909090909091, 0.9390909090909091, 0.9390909090909091, 0.9390909090909091, 0.9390909090909091, 0.9390909090909091, 0.9390909090909091, 0.9390909090909091, 0.9390909090909091, 0.9390909090909091, 0.9390909090909091, 0.9390909090909091, 0.9390909090909091, 0.9390909090909091, 0.9390909090909091, 0.9390909090909091, 0.9390909090909091, 0.9390909090909091, 0.9390909090909091, 0.9390909090909091, 0.9390909090909091, 0.9390909090909091, 0.9390909090909091, 0.9390909090909091, 0.9390909090909091, 0.9390909090909091, 0.9390909090909091, 0.9390909090909091, 0.9390909090909091, 0.9390909090909091, 0.9390909090909091, 0.9390909090909091, 0.9390909090909091, 0.9390909090909091, 0.9390909090909091, 0.9390909090909091, 0.9390909090909091, 0.9390909090909091, 0.9390909090909091, 0.9390909090909091, 0.9390909090909091, 0.9390909090909091, 0.9390909090909091, 0.9390909090909091, 0.9390909090909091, 0.9390909090909091, 0.9390909090909091, 0.9390909090909091, 0.9390909090909091, 0.9390909090909091, 0.9390909090909091, 0.9390909090909091, 0.9390909090909091, 0.9390909090909091, 0.9390909090909091, 0.9390909090909091, 0.9390909090909091, 0.9390909090909091, 0.9390909090909091, 0.9390909090909091, 0.9390909090909091, 0.9390909090909091, 0.9390909090909091, 0.9390909090909091, 0.9390909090909091, 0.9390909090909091, 0.9390909090909091, 0.9390909090909091, 0.9390909090909091, 0.9390909090909091, 0.9390909090909091, 0.9390909090909091, 0.9390909090909091, 0.9390909090909091, 0.9390909090909091, 0.9390909090909091, 0.9390909090909091, 0.9390909090909091, 0.9390909090909091, 0.9390909090909091, 0.9390909090909091, 0.9390909090909091, 0.9390909090909091, 0.9390909090909091, 0.9390909090909091, 0.9390909090909091, 0.9390909090909091, 0.9390909090909091, 0.9390909090909091, 0.9390909090909091, 0.9390909090909091, 0.9390909090909091, 0.9390909090909091, 0.9390909090909091, 0.9390909090909091, 0.6804545454545454, 0.6804545454545454, 0.6804545454545454, 0.6804545454545454, 0.6804545454545454, 0.6804545454545454, 0.6804545454545454, 0.6804545454545454, 0.6804545454545454, 0.6804545454545454, 0.6804545454545454, 0.6804545454545454, 0.6804545454545454, 0.6804545454545454, 0.6804545454545454, 0.6804545454545454, 0.6804545454545454, 0.6804545454545454, 0.6804545454545454, 0.6804545454545454, 0.6804545454545454, 0.6804545454545454, 0.6804545454545454, 0.6804545454545454, 0.6804545454545454, 0.6804545454545454, 0.6804545454545454, 0.6804545454545454, 0.6804545454545454, 0.6804545454545454, 0.6804545454545454, 0.6804545454545454, 0.6804545454545454, 0.6804545454545454, 0.6804545454545454, 0.6804545454545454, 0.6804545454545454, 0.6804545454545454, 0.6804545454545454, 0.6804545454545454, 0.6804545454545454, 0.6804545454545454, 0.81, 0.27066666666666667, 0.42633333333333334, 0.566, 0.588, 0.3963333333333333, 0.6433333333333333, 0.566, 0.26066666666666666, 0.43433333333333335, 0.279, 0.201, 0.49233333333333335, 0.43133333333333335, 0.532, 0.4483333333333333, 0.45566666666666666]
post_river_pcts: [0.34, 0.111, 0.111, 0.111, 0.111, 0.111, 0.111, 0.111, 0.111, 0.111, 0.111, 0.111, 0.111, 0.111, 0.111, 0.111, 0.111, 0.111, 0.111, 0.111, 0.111, 0.111, 0.111, 0.111, 0.111, 0.111, 0.111, 0.111, 0.111, 0.111, 0.111, 0.111, 0.111, 0.111, 0.111, 0.111, 0.111, 0.111, 0.111, 0.111, 0.111, 0.111, 0.111, 0.111, 0.111, 0.111, 0.111, 0.111, 0.111, 0.111, 0.111, 0.111, 0.111, 0.111, 0.111, 0.111, 0.111, 0.111, 0.111, 0.111, 0.111, 0.111, 0.111, 0.111, 0.111, 0.111, 0.2356818181818182, 0.5931818181818181, 0.19633333333333333, 0.9706666666666667, 0.9706666666666667, 0.9706666666666667, 0.9706666666666667, 0.9706666666666667, 0.9706666666666667, 0.9706666666666667, 0.9706666666666667, 0.9706666666666667, 0.9706666666666667, 0.9706666666666667, 0.9706666666666667, 0.9706666666666667, 0.9706666666666667, 0.9706666666666667, 0.9706666666666667, 0.9706666666666667, 0.9706666666666667, 0.9706666666666667, 0.9706666666666667, 0.9706666666666667, 0.9706666666666667, 0.9706666666666667, 0.9706666666666667, 0.9706666666666667, 0.9706666666666667, 0.9706666666666667, 0.9706666666666667, 0.9706666666666667, 0.9706666666666667, 0.9706666666666667, 0.9706666666666667, 0.9706666666666667, 0.9706666666666667, 0.9706666666666667, 0.9706666666666667, 0.9706666666666667, 0.9706666666666667, 0.9706666666666667, 0.9706666666666667, 0.9706666666666667, 0.9706666666666667, 0.9706666666666667, 0.9706666666666667, 0.9706666666666667, 0.9706666666666667, 0.9706666666666667, 0.9706666666666667, 0.9706666666666667, 0.9706666666666667, 0.9706666666666667, 0.9706666666666667, 0.9706666666666667, 0.9706666666666667, 0.9706666666666667, 0.9706666666666667, 0.9706666666666667, 0.9706666666666667, 0.9706666666666667, 0.9706666666666667, 0.9706666666666667, 0.9706666666666667, 0.9706666666666667, 0.9706666666666667, 0.9706666666666667, 0.9706666666666667, 0.9706666666666667, 0.9706666666666667, 0.9706666666666667, 0.9706666666666667, 0.9706666666666667, 0.9706666666666667, 0.9706666666666667, 0.9706666666666667, 0.9706666666666667, 0.9706666666666667, 0.9706666666666667, 0.9706666666666667, 0.9706666666666667, 0.9706666666666667, 0.9706666666666667, 0.9706666666666667, 0.9706666666666667, 0.9706666666666667, 0.9706666666666667, 0.9706666666666667, 0.9706666666666667, 0.9706666666666667, 0.9706666666666667, 0.9706666666666667, 0.9706666666666667, 0.9706666666666667, 0.9706666666666667, 0.9706666666666667, 0.9706666666666667, 0.9706666666666667, 0.9706666666666667, 0.9706666666666667, 0.9706666666666667, 0.9706666666666667, 0.9706666666666667, 0.9706666666666667, 0.9706666666666667, 0.9706666666666667, 0.9706666666666667, 0.9706666666666667, 0.9706666666666667, 0.9706666666666667, 0.9706666666666667, 0.9706666666666667, 0.9706666666666667, 0.9706666666666667, 0.9706666666666667, 0.9706666666666667, 0.9706666666666667, 0.9706666666666667, 0.9706666666666667, 0.9706666666666667, 0.9706666666666667, 0.9706666666666667, 0.9706666666666667, 0.9706666666666667, 0.9706666666666667, 0.9706666666666667, 0.9706666666666667, 0.9706666666666667, 0.9706666666666667, 0.9706666666666667, 0.9706666666666667, 0.9706666666666667, 0.9706666666666667, 0.9706666666666667, 0.9706666666666667, 0.9706666666666667, 0.6513333333333333, 0.6513333333333333, 0.6513333333333333, 0.6513333333333333, 0.6513333333333333, 0.6513333333333333, 0.6513333333333333, 0.6513333333333333, 0.6513333333333333, 0.6513333333333333, 0.6513333333333333, 0.6513333333333333, 0.6513333333333333, 0.6513333333333333, 0.6513333333333333, 0.6513333333333333, 0.6513333333333333, 0.6513333333333333, 0.6513333333333333, 0.6513333333333333, 0.6513333333333333, 0.6513333333333333, 0.6513333333333333, 0.6513333333333333, 0.6513333333333333, 0.6513333333333333, 0.6513333333333333, 0.6513333333333333, 0.6513333333333333, 0.6513333333333333, 0.6513333333333333, 0.6513333333333333, 0.6513333333333333, 0.6513333333333333, 0.6513333333333333, 0.6513333333333333, 0.6513333333333333, 0.6513333333333333, 0.6513333333333333, 0.6513333333333333, 0.6513333333333333, 0.6513333333333333, 0.6513333333333333, 0.30522727272727274, 0.415, 0.5070454545454546, 0.31795454545454543, 0.4238636363636364, 0.25181818181818183, 0.5868181818181818, 0.18818181818181817, 0.4602272727272727, 0.20045454545454544, 0.13613636363636364, 0.41363636363636364, 0.73, 0.7145454545454546, 0.17022727272727273, 0.46795454545454546]
win-loss-tie history: [1, 1, 0, 1, 1, 1, 1, 1, 1, 1, 1, 0, 0, 1, 1, 0, 0, 0, 1, 0, 0, 0, 1, 0, 1, 1, 1, 0, 1, 1, 1, 1, 1, 1, 0, 1, 0, 1, 1, 0, 1, 0, 1, 1, 0.5, 1, 1, 1, 1, 0.5, 0, 0, 0, 0.5, 0, 0, 0, 1, 0, 1, 1, 1, 1, 1, 0.5, 0.5, 0, 1, 1, 1, 0, 1, 1, 1, 1, 0, 1, 1, 1, 0, 0, 0, 1, 1, 1, 1, 1, 1, 1, 1, 1, 1, 0, 1, 0, 0, 1, 1, 1, 1, 0, 0, 0, 1, 1, 0, 1, 0, 0, 1, 1, 1, 0, 1, 0, 1, 0, 1, 0, 0, 0.5, 0, 1, 1, 1, 1, 1, 1, 1, 0, 1, 0, 0, 0, 1, 0, 0, 0, 1, 0, 0, 1, 0, 1, 0, 0, 0, 0, 0, 1, 0, 0, 0, 0, 0, 1, 0, 1, 0, 1, 1, 0, 0, 0, 1, 1, 1, 1, 1, 1, 1, 1, 0, 0, 1, 0, 1, 1, 1, 1, 0, 1, 0, 1, 1, 0, 0, 1, 1, 0, 1, 0, 0, 1, 0, 0, 1, 1, 0, 0, 0, 0.5, 0, 1, 0, 0, 1, 1, 0, 0, 0, 0, 0, 0, 1, 0, 0, 0, 1, 1, 0, 1, 0, 1, 0, 0, 1, 1, 1, 0, 0, 0, 0, 1, 0, 1, 1, 1, 0, 0, 0, 1, 0, 1, 1, 0, 0, 1, 1, 0, 0, 1, 1, 0, 0, 0, 0.5, 1, 0, 1, 0, 0]
262
262
262
262
0.5343511450381679
