Forfeit in Round #660


opp_bids = [45, 45, 45, 67, 28, 26, 24, 25, 12, 13, 20, 8, 8, 8, 8, 120, 103, 20, 102, 54, 83, 68, 54, 84, 45, 51, 90, 62, 89, 8, 66, 101, 41, 8, 93, 105, 110, 95, 19, 21, 23, 25, 24, 25, 25, 25, 25, 27, 75, 91, 27, 28, 30, 32, 34, 33, 34, 32, 33, 33, 35, 36, 34, 33, 33, 33, 34, 35, 33, 33, 35, 36, 36, 38, 37, 36, 36, 34, 37, 40, 40, 40, 41, 41, 43, 41, 41, 39, 40, 41, 40, 41, 40, 42, 42, 43, 42, 42, 41, 42, 42, 42, 43, 43, 43, 43, 45, 45, 46, 46, 45, 45, 45, 44, 44, 44, 43, 44, 44, 44, 44, 44, 44, 44, 45, 45, 45, 45, 46, 47, 47, 47, 48, 47, 46, 57, 68, 52, 46, 46, 63, 56, 44, 45, 45, 45, 45, 60, 52, 47, 73, 69, 47, 47, 47, 46, 73, 73, 47, 62, 59, 65, 46, 46, 46, 46, 47, 47, 46, 46, 47, 48, 48, 47, 48, 48, 49, 49, 50, 48, 49, 49, 49, 48, 49, 49, 48, 49, 49, 50, 50, 50, 50, 50, 49, 50, 51, 49, 50, 51, 52, 52, 52, 52, 52, 52, 68, 50, 74, 49, 66, 66, 68, 69, 38, 58, 43, 62, 58, 67, 74, 69, 70, 66, 50, 72, 58, 63, 68, 41, 70, 68, 69, 55, 73, 64, 66, 76, 59, 62, 67, 53, 62, 64, 70, 66, 42, 62, 62, 66, 67, 66, 68, 63, 66, 68, 55, 66, 51, 50, 58, 58, 52, 65, 55, 70, 62, 63, 61, 60, 61, 64, 56, 59, 71, 68, 63, 62, 52, 67, 64, 61, 61, 63, 50, 59, 57, 64, 56, 67, 41, 62, 58, 35, 67, 67, 65, 56, 64, 54, 56, 54, 48, 68, 59, 67, 52, 68, 58, 51, 64, 63, 64, 59, 66, 64, 62, 68, 63, 62, 64, 61, 61, 150, 60, 57, 55, 57, 67, 66, 60, 41, 41, 56, 65, 67, 67, 57, 59, 65, 55, 54, 57, 55, 63, 62, 64, 60, 62, 64, 64, 66, 64, 67, 53, 58, 64, 66, 57, 57, 44, 65, 50, 64, 62, 69, 66, 60, 55, 64, 65, 59, 67, 57, 64, 65, 63, 56, 66, 58, 62, 59, 62, 52, 64, 69, 51, 52, 52, 52, 52, 52, 52, 52, 52, 52, 67, 64, 59]
my_bids = [134, 93, 91, 44, 65, 61, 66, 28, 58, 56, 25, 45, 49, 29, 41, 25, 65, 25, 48, 49, 25, 102, 25, 95, 102, 83, 30, 94, 35, 54, 25, 88, 72, 36, 88, 105, 25, 108, 53, 87, 88, 25, 69, 25, 95, 52, 69, 25, 50, 91, 96, 74, 64, 105, 100, 47, 25, 33, 84, 75, 69, 119, 114, 36, 49, 88, 57, 25, 87, 93, 59, 90, 85, 25, 32, 97, 25, 77, 81, 91, 55, 90, 86, 75, 25, 102, 25, 61, 67, 25, 49, 25, 61, 64, 62, 25, 87, 30, 74, 47, 32, 78, 25, 76, 60, 84, 66, 81, 50, 33, 54, 25, 25, 40, 79, 25, 63, 47, 25, 44, 76, 71, 63, 64, 71, 39, 73, 90, 74, 29, 51, 49, 26, 30, 25, 46, 70, 67, 81, 25, 67, 87, 50, 78, 63, 32, 49, 60, 72, 25, 84, 78, 76, 78, 25, 35, 56, 85, 49, 25, 90, 76, 72, 78, 68, 89, 69, 25, 68, 69, 64, 77, 25, 69, 67, 81, 66, 73, 25, 72, 62, 74, 25, 90, 51, 45, 60, 58, 76, 73, 43, 67, 65, 31, 55, 55, 28, 56, 65, 52, 69, 69, 56, 70, 47, 25, 92, 26, 74, 25, 49, 60, 42, 84, 28, 54, 80, 43, 66, 78, 86, 25, 70, 79, 25, 47, 50, 25, 51, 71, 25, 56, 80, 25, 65, 54, 43, 63, 48, 53, 78, 45, 78, 25, 25, 60, 72, 25, 25, 67, 57, 60, 82, 67, 66, 64, 25, 76, 25, 74, 59, 25, 77, 64, 76, 86, 85, 69, 25, 32, 59, 61, 92, 71, 54, 67, 57, 25, 40, 66, 62, 86, 62, 84, 36, 77, 43, 47, 63, 27, 43, 33, 31, 41, 78, 90, 45, 72, 63, 30, 40, 47, 25, 62, 82, 84, 55, 69, 72, 75, 70, 51, 70, 51, 62, 54, 84, 73, 25, 64, 86, 33, 80, 25, 91, 61, 77, 54, 60, 68, 71, 63, 77, 78, 67, 41, 49, 63, 51, 82, 88, 59, 73, 56, 72, 80, 74, 55, 56, 82, 74, 85, 69, 49, 83, 74, 25, 76, 80, 66, 74, 52, 85, 67, 69, 52, 57, 54, 79, 58, 81, 31, 81, 73, 70, 76, 55, 32, 82, 82, 76, 66, 85, 25, 76, 71, 71, 58, 83, 78, 56, 77, 55, 37, 25, 25, 43, 57, 72]
opp_bid_avg = 53.228070175438596
opp_bid_cv = 0.30910734795756056
final_time = 23.159
post_auction_pcts: [0.796, 0.62, 0.688, 0.647, 0.592, 0.568, 0.78, 0.768, 0.394, 0.969, 0.647, 0.746, 0.7, 0.647, 0.579, 0.958, 0.508, 0.454, 0.898, 0.564, 0.861, 0.706, 0.94, 0.751, 0.779, 0.446, 0.64, 0.615, 0.382, 0.515, 0.624, 0.451, 0.598, 0.825, 0.726, 0.611, 0.643, 0.489, 0.306, 0.538, 0.597, 0.646, 0.526, 0.535, 0.755, 0.545, 0.748, 0.652, 0.769, 0.88, 0.865, 0.934, 0.457, 0.525, 0.712, 0.757, 0.931, 0.983, 0.935]
post_turn_pcts: [0.849, 0.664, 0.861, 0.603, 0.417, 0.659, 0.687, 0.99, 0.36, 0.95, 0.659, 0.753, 0.701, 0.973, 0.621, 0.935, 0.637, 0.55, 0.898, 0.785, 0.793, 0.954, 0.924, 0.73, 0.765, 0.451, 0.705, 0.56, 0.207, 0.471, 0.616, 0.967, 0.653, 0.728, 0.597, 0.665, 0.563, 0.455, 0.249, 0.573, 0.558, 0.671, 0.506, 0.475, 0.774, 0.367, 0.645, 0.594, 0.72, 0.899, 0.886, 0.967, 0.501, 0.477, 0.646, 0.727, 0.496, 0.994, 0.977]
post_river_pcts: [0.894, 0.81, 0.91, 0.497, 0.477, 0.672, 0.689, 0.75, 0.178, 0.187, 0.575, 0.738, 0.678, 0.967, 0.545, 0.566, 0.521, 0.618, 0.882, 0.717, 0.754, 0.966, 0.966, 0.734, 0.669, 0.686, 0.543, 0.536, 0.51, 0.986, 0.603, 0.921, 0.56, 0.68, 1.0, 0.574, 0.648, 0.428, 0.134, 0.686, 0.553, 0.55, 0.506, 0.7, 0.709, 0.889, 0.605, 0.613, 0.748, 0.858, 0.652, 0.491, 0.622, 0.488, 0.552, 0.781, 0.162, 0.428, 0.196]
win-loss-tie history: [0, 0, 0, 0, 0, 0, 1, 1, 0, 1, 1, 1, 0, 0, 1, 1, 0, 1, 1, 0, 1, 1, 1, 1, 1, 0, 0, 0, 1, 1, 0, 1, 0, 1, 1, 0, 0, 0, 0, 0, 0, 0, 0, 0, 0, 0, 0, 0, 0, 1, 1, 1, 0.5, 0, 0, 1, 1, 1, 1]
59
59
59
59
0.4491525423728814
